1 0.8015625 0.665625 0.803125 0.690625 0.865625 0.696875 0.865625 0.671875 0.859375 0.6640625 0.8109375 0.653125
1 0.9421875 0.75 0.9421875 0.7578125 0.95625 0.765625 0.9765625 0.771875 0.99375 0.76875 0.98125 0.753125
1 0.8609375 0.65 0.86875 0.6859375 0.896875 0.690625 0.9109375 0.6640625 0.86875 0.6453125
2 0.775 0.690625 0.775 0.7578125 0.7828125 0.765625 0.8078125 0.765625 0.821875 0.7296875 0.81875 0.709375 0.803125 0.696875
2 0.7390625 0.7375 0.7296875 0.746875 0.7296875 0.7609375 0.7609375 0.7625 0.759375 0.746875 0.7484375 0.7375
2 0.809375 0.6953125 0.821875 0.72421875 0.815625 0.7546875 0.8703125 0.7734375 0.865625 0.7046875
2 0.88125 0.7234375 0.8796875 0.7375 0.8890625 0.7578125 0.9140625 0.775 0.93125 0.775 0.9390625 0.7390625 0.9296875 0.7140625 0.9125 0.7015625 0.8984375 0.7015625 0.8875 0.70625
2 0.8671875 0.69375 0.8671875 0.6984375 0.865625 0.7 0.865625 0.709375 0.8671875 0.7390625 0.86875 0.7421875 0.8734375 0.740625 0.8796875 0.7328125 0.8828125 0.7171875 0.8828125 0.7109375 0.8796875 0.703125 0.875 0.6984375 0.875 0.696875 0.86875 0.6921875
2 0.796875 0.653125 0.7953125 0.6546875 0.7953125 0.68125 0.796875 0.6828125 0.796875 0.6796875 0.7984375 0.678125 0.7984375 0.6703125 0.8 0.66875 0.8 0.6625 0.8015625 0.6609375 0.8015625 0.653125
2 0.8140625 0.6390625 0.8125 0.6421875 0.8125 0.646875 0.8046875 0.653125 0.80625 0.65625 0.8171875 0.653125 0.81875 0.6546875 0.821875 0.6546875 0.828125 0.6578125 0.834375 0.6578125 0.8359375 0.659375 0.8421875 0.659375 0.84375 0.6609375 0.8515625 0.6609375 0.8453125 0.6546875 0.84375 0.6546875 0.840625 0.6515625 0.8296875 0.6453125 0.825 0.640625 0.821875 0.6390625
2 0.9703125 0.6953125 0.9609375 0.6953125 0.95625 0.6984375 0.946875 0.6984375 0.9453125 0.696875 0.9375 0.696875 0.9359375 0.6953125 0.9328125 0.696875 0.9234375 0.6953125 0.925 0.7078125 0.9296875 0.7109375 0.9328125 0.7109375 0.9375 0.715625 0.9375 0.7328125 0.946875 0.746875 0.9515625 0.746875 0.959375 0.75 0.984375 0.75 0.9875 0.746875 0.9875 0.740625 0.9828125 0.7296875 0.9765625 0.7203125 0.9765625 0.7078125
2 0.98125 0.684375 0.9734375 0.684375 0.975 0.6875 0.975 0.690625 0.9734375 0.6921875 0.9734375 0.6984375 0.975 0.7 0.975 0.7046875 0.978125 0.7109375 0.978125 0.71875 0.9796875 0.7203125 0.9796875 0.7234375 0.9828125 0.7296875 0.9859375 0.7328125 0.9890625 0.7390625 0.9890625 0.7421875 0.9921875 0.7453125 0.9984375 0.746875 0.9984375 0.69375 0.9875 0.6890625
2 0.915625 0.665625 0.9140625 0.6671875 0.9140625 0.6703125 0.9171875 0.6734375 0.9171875 0.6765625 0.9203125 0.6796875 0.9203125 0.6828125 0.921875 0.684375 0.9203125 0.6890625 0.925 0.6953125 0.9296875 0.6953125 0.93125 0.69375 0.934375 0.6953125 0.95 0.6953125 0.9515625 0.696875 0.95625 0.696875 0.9609375 0.69375 0.9625 0.6953125 0.96875 0.6953125 0.9703125 0.696875 0.971875 0.6953125 0.971875 0.6875 0.9734375 0.684375 0.971875 0.6828125 0.971875 0.6796875 0.96875 0.6765625 0.9671875 0.671875 0.9625 0.665625 0.959375 0.6640625 0.9578125 0.665625 0.953125 0.6640625 0.9390625 0.6640625 0.9375 0.665625 0.9265625 0.665625 0.925 0.6640625 0.9203125 0.665625 0.91875 0.6640625