1 0.725 0.853125 0.725 0.8671875 0.784375 0.9328125 0.90625 0.9375 0.8046875 0.8546875 0.78125 0.859375 0.734375 0.8421875
2 0.8 0.8 0.79375 0.80625 0.7953125 0.8140625 0.8046875 0.8375 0.8171875 0.846875 0.8390625 0.85 0.8578125 0.8296875 0.871875 0.825 0.859375 0.778125 0.846875 0.771875 0.8265625 0.775
2 0.940625 0.8515625 0.9375 0.871875 0.9453125 0.8828125 0.9625 0.896875 0.9984375 0.909375 0.9984375 0.8546875 0.9765625 0.8484375
2 0.7515625 0.7890625 0.75625 0.828125 0.8 0.8421875 0.8 0.8265625 0.7796875 0.7875 0.7578125 0.784375
2 0.7875 0.76875 0.78125 0.775 0.78125 0.7875 0.796875 0.8140625 0.796875 0.803125 0.8203125 0.778125 0.803125 0.7640625
2 0.8828125 0.759375 0.875 0.76875 0.890625 0.809375 0.928125 0.815625 0.93125 0.76875 0.90625 0.759375
2 0.85 0.765625 0.846875 0.7703125 0.865625 0.7890625 0.871875 0.8234375 0.8796875 0.8234375 0.8875 0.8046875 0.8734375 0.76875 0.8625 0.7609375
2 0.7921875 0.7421875 0.790625 0.7609375 0.8078125 0.765625 0.8203125 0.7765625 0.8453125 0.76875 0.859375 0.7578125 0.8546875 0.7484375
2 0.934375 0.7765625 0.9328125 0.8171875 0.9484375 0.834375 0.9625 0.8265625 0.975 0.8078125 0.9515625 0.775 0.9375 0.771875
1 0.9484375 0.7609375 0.946875 0.7671875 0.9578125 0.78125 0.965625 0.7890625 0.975 0.7890625 0.9625 0.753125
3 0.828125 0.8609375 0.828125 0.86875 0.875 0.9125 0.8875 0.91875 0.89375 0.915625 0.8953125 0.9046875 0.884375 0.8859375 0.853125 0.8734375 0.8359375 0.8578125
3 0.89375 0.8515625 0.9 0.8625 0.9125 0.865625 0.9046875 0.8546875
3 0.884375 0.8234375 0.8828125 0.83125 0.9015625 0.83125 0.896875 0.8234375
3 0.85 0.8375 0.8515625 0.8484375 0.871875 0.8359375 0.85625 0.8328125
3 0.784375 0.84375 0.7609375 0.8484375 0.778125 0.85625 0.809375 0.85 0.803125 0.8421875
2 0.8671875 0.746875 0.865625 0.7578125 0.8765625 0.76875 0.8890625 0.7578125 0.925 0.7625 0.909375 0.746875 0.8921875 0.740625 0.871875 0.7375