2 0.625 0.8234375 0.6203125 0.8515625 0.628125 0.8875 0.6515625 0.9359375 0.678125 0.9625 0.7015625 0.9234375 0.70625 0.890625 0.7046875 0.8609375 0.678125 0.81875 0.678125 0.8046875 0.6921875 0.7921875 0.690625 0.7859375 0.6671875 0.775 0.65 0.7765625
2 0.753125 0.8875 0.75625 0.95 0.7859375 0.9875 0.7984375 0.9984375 0.8640625 0.9984375 0.86875 0.99375 0.8625 0.959375 0.865625 0.9109375 0.8453125 0.8703125 0.8125 0.85625 0.7828125 0.875 0.7578125 0.8796875
2 0.709375 0.8609375 0.709375 0.8875 0.7140625 0.89375 0.721875 0.8984375 0.7484375 0.8953125 0.75 0.878125
2 0.6875 0.796875 0.6796875 0.8046875 0.6828125 0.825 0.7140625 0.8625 0.746875 0.8765625 0.7765625 0.875 0.7953125 0.8625 0.8015625 0.8328125 0.7890625 0.8203125 0.790625 0.79375 0.78125 0.784375 0.7453125 0.771875
2 0.7921875 0.80625 0.790625 0.8203125 0.8015625 0.83125 0.803125 0.846875 0.8375 0.8625 0.859375 0.85 0.85625 0.8171875 0.8453125 0.8015625 0.825 0.796875
2 0.7484375 0.7359375 0.7390625 0.7515625 0.740625 0.76875 0.7875 0.7859375 0.79375 0.796875 0.8203125 0.796875 0.8515625 0.78125 0.85 0.7484375 0.8296875 0.7296875 0.83125 0.7125 0.8234375 0.7046875 0.778125 0.7046875 0.7609375 0.715625
2 0.821875 0.696875 0.81875 0.7015625 0.8296875 0.7125 0.8296875 0.7296875 0.8515625 0.75 0.884375 0.734375 0.884375 0.725 0.875 0.7140625
2 0.859375 0.74375 0.85625 0.76875 0.865625 0.834375 0.875 0.840625 0.95625 0.8421875 0.9578125 0.7703125 0.9453125 0.75 0.9109375 0.7328125
2 0.8515625 0.8625 0.865625 0.903125 0.865625 0.9453125 0.9578125 0.9625 0.940625 0.93125 0.884375 0.8625 0.86875 0.853125
2 0.8921875 0.8421875 0.8890625 0.8453125 0.8953125 0.8546875 0.9671875 0.9140625 0.984375 0.921875 0.9796875 0.9 0.95 0.8515625 0.9234375 0.8421875
2 0.9671875 0.8359375 0.953125 0.8578125 0.9859375 0.9078125 0.9875 0.9234375 0.9984375 0.93125 0.9984375 0.83125
1 0.86875 0.84375 0.865625 0.8484375 0.8890625 0.8671875 0.915625 0.9 0.9875 0.9609375 0.9984375 0.9625 0.9984375 0.9390625 0.884375 0.84375
4 0.9625 0.79375 0.9625 0.8296875 0.9984375 0.828125 0.9984375 0.771875
3 0.0671875 0.803125 0.065625 0.8125 0.08125 0.81875 0.08125 0.803125