2 0.2046875 0.7421875 0.2078125 0.7625 0.2171875 0.775 0.2484375 0.778125 0.2625 0.7671875 0.2515625 0.7125 0.2328125 0.7140625
2 0.271875 0.715625 0.259375 0.728125 0.2640625 0.7609375 0.2828125 0.7640625 0.2890625 0.75625 0.2921875 0.7296875 0.2828125 0.7125
2 0.24375 0.709375 0.240625 0.715625 0.259375 0.7265625 0.2890625 0.709375 0.29375 0.6984375 0.2765625 0.690625
2 0.2921875 0.709375 0.2890625 0.765625 0.3296875 0.75625 0.3375 0.746875 0.340625 0.7046875 0.31875 0.6921875 0.30625 0.6734375
2 0.2859375 0.675 0.2828125 0.6890625 0.29375 0.7 0.3125 0.6875 0.3078125 0.671875
2 0.3171875 0.6796875 0.31875 0.69375 0.3359375 0.7015625 0.3484375 0.6984375 0.3578125 0.6875 0.3453125 0.665625 0.3359375 0.665625
2 0.34375 0.7140625 0.3421875 0.7328125 0.3484375 0.746875 0.3953125 0.7234375 0.3796875 0.70625 0.3765625 0.69375 0.35 0.7015625
2 0.35625 0.7484375 0.3578125 0.7625 0.3953125 0.7671875 0.396875 0.7265625 0.3859375 0.721875
2 0.409375 0.7109375 0.403125 0.7203125 0.4140625 0.7328125 0.4171875 0.7578125 0.4515625 0.753125 0.4515625 0.734375 0.4421875 0.715625 0.4265625 0.7015625
2 0.425 0.671875 0.4234375 0.6921875 0.459375 0.746875 0.4765625 0.71875 0.4703125 0.6828125 0.4484375 0.6609375
2 0.38125 0.6890625 0.384375 0.7109375 0.396875 0.71875 0.4140625 0.703125 0.421875 0.675 0.403125 0.6734375
2 0.3796875 0.6609375 0.3484375 0.6640625 0.3625 0.690625 0.3765625 0.690625 0.3984375 0.675 0.396875 0.6640625
3 0.7921875 0.8078125 0.7875 0.8109375 0.7921875 0.8125
3 0.91875 0.8390625 0.9109375 0.8375 0.9171875 0.8453125