2 0.1015625 0.959375 0.0875 0.9703125 0.259375 0.978125 0.2578125 0.9359375 0.253125 0.9296875 0.16875 0.928125 0.15 0.934375 0.121875 0.9546875
2 0.1359375 0.8875 0.1390625 0.915625 0.15625 0.9296875 0.175 0.9265625 0.215625 0.8609375 0.23125 0.8515625 0.21875 0.84375 0.1890625 0.84375 0.14375 0.86875
2 0.19375 0.8515625 0.2125 0.8578125 0.215625 0.865625 0.1875 0.903125 0.1796875 0.925 0.2453125 0.9265625 0.2625 0.8875 0.2546875 0.8625 0.203125 0.8484375
1 0.2640625 0.8390625 0.275 0.865625 0.25 0.9234375 0.2609375 0.9375 0.2625 0.9765625 0.2890625 0.9796875 0.2921875 0.9734375 0.2953125 0.8296875 0.30625 0.8140625 0.315625 0.8125 0.3296875 0.8296875 0.3265625 0.8703125 0.334375 0.984375 0.38125 0.990625 0.3953125 0.9609375 0.4171875 0.9453125 0.4140625 0.9109375 0.3546875 0.8546875 0.3484375 0.834375 0.303125 0.7921875 0.278125 0.815625
1 0.56875 0.8484375 0.55 0.9296875 0.615625 0.9796875 0.640625 0.9421875 0.6359375 0.8671875 0.584375 0.8234375
1 0.509375 0.8203125 0.5078125 0.86875 0.5203125 0.871875 0.5359375 0.89375 0.5515625 0.9 0.5640625 0.871875 0.5671875 0.8203125 0.5359375 0.796875
1 0.4859375 0.890625 0.484375 0.9109375 0.4921875 0.9140625 0.49375 0.8921875
1 0.5234375 0.8859375 0.5234375 0.940625 0.5375 0.9421875 0.5546875 0.909375
1 0.425 0.9359375 0.4265625 0.953125 0.4484375 0.9390625 0.4578125 0.9578125 0.471875 0.9625 0.4875 0.953125 0.490625 0.91875 0.475 0.9078125 0.4578125 0.9125 0.4375 0.9
1 0.4328125 0.965625 0.43125 0.9890625 0.453125 0.9765625 0.4453125 0.9546875
1 0.5265625 0.95 0.53125 0.965625 0.56875 0.9984375 0.5875 0.9984375 0.590625 0.9671875 0.5859375 0.959375 0.5484375 0.9453125
1 0.409375 0.8515625 0.409375 0.865625 0.4484375 0.9046875 0.4625 0.9078125 0.5046875 0.859375 0.5046875 0.7890625 0.4953125 0.7796875 0.4796875 0.7890625 0.459375 0.778125
1 0.3609375 0.8390625 0.3578125 0.85625 0.4109375 0.90625 0.4171875 0.90625 0.428125 0.890625 0.4046875 0.8625 0.4078125 0.840625 0.3796875 0.8171875
1 0.359375 0.7796875 0.3546875 0.8 0.3609375 0.8109375 0.371875 0.81875 0.38125 0.8140625 0.409375 0.840625 0.4359375 0.80625 0.4328125 0.796875 0.3890625 0.7765625 0.36875 0.771875