1 0.25 0.8546875 0.2484375 0.9046875 0.3171875 0.890625 0.325 0.8703125 0.321875 0.8078125 0.3125 0.8046875 0.2578125 0.815625
3 0.15625 0.8609375 0.15625 0.884375 0.1640625 0.890625 0.2046875 0.8765625 0.2203125 0.8578125 0.2125 0.8421875 0.2 0.8375 0.159375 0.8515625
1 0.2203125 0.790625 0.2171875 0.8421875 0.2234375 0.8546875 0.24375 0.8578125 0.259375 0.8125 0.271875 0.809375 0.275 0.771875 0.26875 0.765625 0.24375 0.7671875
1 0.25 0.7140625 0.246875 0.7390625 0.278125 0.75625 0.3109375 0.73125 0.3125 0.7265625 0.2859375 0.7046875 0.29375 0.6515625 0.26875 0.6734375
1 0.2890625 0.6765625 0.290625 0.7078125 0.315625 0.728125 0.3265625 0.7296875 0.3328125 0.7046875 0.33125 0.646875 0.3 0.6546875
1 0.28125 0.7671875 0.278125 0.8015625 0.328125 0.80625 0.334375 0.76875 0.328125 0.753125 0.29375 0.7515625
1 0.2015625 0.7421875 0.196875 0.7640625 0.225 0.771875 0.240625 0.7671875 0.2484375 0.715625 0.2328125 0.7078125 0.2171875 0.709375
1 0.2234375 0.6828125 0.2234375 0.7046875 0.246875 0.7109375 0.265625 0.675
1 0.1421875 0.71875 0.15 0.759375 0.1953125 0.753125 0.2203125 0.6984375 0.2078125 0.6875 0.1984375 0.6890625
3 0.203125 0.9078125 0.2015625 0.91875 0.2109375 0.9171875 0.2125 0.909375
3 0.7890625 0.753125 0.7859375 0.759375 0.7953125 0.7640625