2 0.6875 0.74375 0.6875 0.7984375 0.6921875 0.8046875 0.71875 0.8109375 0.7265625 0.8015625 0.7296875 0.740625 0.725 0.721875 0.7078125 0.7109375 0.6953125 0.721875
2 0.7296875 0.7546875 0.728125 0.8078125 0.7796875 0.85 0.7953125 0.85625 0.8015625 0.8421875 0.796875 0.75 0.7828125 0.734375 0.759375 0.728125 0.75 0.7390625 0.7359375 0.74375
2 0.7296875 0.7125 0.7328125 0.7421875 0.74375 0.740625 0.7578125 0.7265625 0.775 0.7265625 0.7734375 0.6984375 0.753125 0.684375 0.740625 0.6921875
2 0.8125 0.7828125 0.815625 0.8125 0.85 0.8484375 0.890625 0.8734375 0.8765625 0.796875 0.865625 0.7703125 0.8578125 0.7625 0.8484375 0.7625 0.840625 0.78125 0.84375 0.8 0.8390625 0.803125
2 0.778125 0.7 0.7765625 0.728125 0.7984375 0.75 0.8140625 0.7890625 0.828125 0.803125 0.840625 0.8046875 0.8453125 0.740625 0.8296875 0.68125 0.7984375 0.68125
2 0.878125 0.7828125 0.88125 0.815625 0.896875 0.8578125 0.9484375 0.890625 0.9984375 0.9046875 0.9984375 0.875 0.9671875 0.8234375 0.96875 0.8078125 0.9625 0.7984375 0.9109375 0.771875
2 0.9359375 0.7234375 0.9328125 0.7296875 0.9453125 0.7765625 0.96875 0.803125 0.971875 0.828125 0.990625 0.865625 0.9984375 0.8703125 0.9984375 0.78125
2 0.840625 0.678125 0.8375 0.690625 0.8515625 0.75625 0.8625 0.759375 0.8765625 0.778125 0.903125 0.7703125 0.9421875 0.778125 0.940625 0.75625 0.9296875 0.7234375 0.921875 0.715625 0.8703125 0.6828125
2 0.9265625 0.7015625 0.928125 0.715625 0.95 0.7375 0.9890625 0.765625 0.9984375 0.7609375 0.953125 0.684375 0.946875 0.6828125
2 0.9390625 0.65 0.934375 0.653125 0.9375 0.6609375 0.965625 0.690625 0.9984375 0.7078125 0.996875 0.6609375
2 0.9703125 0.690625 0.9640625 0.690625 0.9671875 0.70625 0.9984375 0.75625 0.9984375 0.7078125
2 0.9625 0.640625 0.9640625 0.653125 0.9984375 0.6625 0.9984375 0.640625
2 0.85 0.5984375 0.8484375 0.6109375 0.8546875 0.615625 0.9171875 0.6296875 0.9203125 0.625 0.9203125 0.6125 0.9078125 0.5984375 0.884375 0.59375
2 0.865625 0.6328125 0.8625 0.64375 0.86875 0.65 0.9109375 0.6640625 0.928125 0.6609375 0.91875 0.65 0.91875 0.6359375 0.90625 0.6265625 0.8703125 0.6234375