2 0.79375 0.721875 0.75625 0.7578125 0.7921875 0.7890625 0.803125 0.790625 0.8125 0.775 0.8328125 0.7734375 0.8375 0.7578125 0.834375 0.7421875 0.8203125 0.725
2 0.7078125 0.734375 0.7125 0.74375 0.7546875 0.7546875 0.7859375 0.7296875 0.790625 0.7125 0.778125 0.696875 0.7703125 0.6953125 0.74375 0.70625
2 0.5296875 0.6875 0.528125 0.71875 0.5578125 0.734375 0.559375 0.75 0.58125 0.7515625 0.5828125 0.709375 0.5609375 0.6671875 0.546875 0.6640625
2 0.4734375 0.7453125 0.4640625 0.7765625 0.4765625 0.790625 0.5078125 0.7953125 0.53125 0.7859375 0.5328125 0.778125 0.5078125 0.7234375 0.484375 0.728125
2 0.48125 0.7015625 0.4859375 0.7078125 0.484375 0.7234375 0.50625 0.721875 0.5296875 0.7640625 0.5625 0.74375 0.559375 0.7359375 0.525 0.715625 0.525 0.69375 0.5171875 0.6796875 0.50625 0.7
2 0.4171875 0.7046875 0.4125 0.728125 0.39375 0.75 0.39375 0.7609375 0.4203125 0.7671875 0.4359375 0.784375 0.4453125 0.7796875 0.4625 0.7328125 0.4609375 0.6953125 0.453125 0.6828125 0.4453125 0.68125
2 0.4640625 0.7125 0.4484375 0.78125 0.4625 0.7765625 0.48125 0.7296875 0.484375 0.7046875 0.4671875 0.70625
2 0.340625 0.796875 0.3390625 0.80625 0.353125 0.8390625 0.3734375 0.8390625 0.4125 0.8203125 0.4421875 0.8140625 0.415625 0.7671875 0.3890625 0.76875
2 0.353125 0.7265625 0.35625 0.7421875 0.35 0.7859375 0.3828125 0.7671875 0.3875 0.7515625 0.3859375 0.734375 0.3765625 0.7265625 0.371875 0.7078125 0.3609375 0.7125
2 0.375 0.678125 0.36875 0.7 0.3875 0.7125 0.38125 0.7234375 0.390625 0.7453125 0.409375 0.7296875 0.4140625 0.70625 0.3953125 0.678125
2 0.278125 0.784375 0.2796875 0.8109375 0.3125 0.81875 0.3359375 0.8140625 0.3328125 0.8 0.346875 0.7890625 0.3546875 0.740625 0.35 0.7171875 0.3265625 0.696875 0.31875 0.696875 0.325 0.70625 0.29375 0.7359375
2 0.2328125 0.7515625 0.23125 0.76875 0.2078125 0.80625 0.21875 0.8171875 0.265625 0.8265625 0.275 0.8171875 0.2765625 0.784375 0.2953125 0.7171875 0.271875 0.7015625
2 0.3359375 0.6921875 0.334375 0.7015625 0.3421875 0.7109375 0.3546875 0.7171875 0.3625 0.709375 0.365625 0.6890625 0.359375 0.6828125
2 0.296875 0.6546875 0.290625 0.6671875 0.275 0.678125 0.2765625 0.6984375 0.30625 0.7203125 0.3203125 0.709375 0.315625 0.6984375 0.325 0.6890625
2 0.3140625 0.65625 0.309375 0.675 0.33125 0.6953125 0.3390625 0.6875 0.3359375 0.6703125 0.3171875 0.653125
2 0.0796875 0.709375 0.0796875 0.740625 0.071875 0.7609375 0.0609375 0.7703125 0.0671875 0.7796875 0.096875 0.7703125 0.109375 0.740625 0.109375 0.7078125 0.1015625 0.6953125
2 0.1140625 0.69375 0.1125 0.7390625 0.121875 0.721875 0.1421875 0.7203125 0.153125 0.7125 0.159375 0.6859375 0.125 0.6796875
1 0.1796875 0.75 0.18125 0.7984375 0.20625 0.8015625 0.2296875 0.7671875 0.23125 0.7484375
4 0.178125 0.725 0.178125 0.746875 0.215625 0.746875 0.246875 0.728125 0.26875 0.6953125 0.2515625 0.684375 0.225 0.6953125 0.20625 0.7171875 0.1921875 0.7171875
4 0.103125 0.7578125 0.1015625 0.76875 0.1265625 0.7734375 0.171875 0.7515625 0.175 0.7234375 0.1890625 0.7125 0.171875 0.703125 0.15 0.721875 0.121875 0.7234375
3 0.1375 0.821875 0.1359375 0.8265625 0.1421875 0.8296875 0.1640625 0.8203125 0.1640625 0.8140625
3 0.20625 0.825 0.2046875 0.8296875 0.2109375 0.83125 0.21875 0.8234375