3 0.6046875 0.8390625 0.6015625 0.85 0.6171875 0.8625 0.61875 0.8515625
3 0.63125 0.85 0.628125 0.8546875 0.6375 0.8625 0.6515625 0.8625 0.64375 0.853125
3 0.6140625 0.83125 0.6109375 0.8390625 0.61875 0.8421875 0.621875 0.834375
3 0.9515625 0.9203125 0.9453125 0.925 0.95625 0.9359375 0.99375 0.940625 0.9796875 0.9265625
2 0.021875 0.796875 0.01875 0.8171875 0.0453125 0.825 0.1015625 0.8125 0.1234375 0.803125 0.128125 0.79375 0.096875 0.7640625 0.0609375 0.7609375 0.0390625 0.771875
2 0.4 0.8546875 0.4015625 0.896875 0.434375 0.903125 0.45625 0.884375 0.4765625 0.903125 0.4859375 0.903125 0.4875 0.8609375 0.4625 0.8421875 0.425 0.8390625
2 0.4109375 0.9671875 0.409375 0.9984375 0.496875 0.9984375 0.5046875 0.94375 0.471875 0.896875 0.4515625 0.890625 0.43125 0.9078125 0.43125 0.928125
2 0.3984375 0.9015625 0.396875 0.9984375 0.4140625 0.9984375 0.4109375 0.9671875 0.43125 0.93125 0.4328125 0.90625
2 0.0046875 0.9390625 0 0.9484375 0.0203125 0.9921875 0.0421875 0.99375 0.065625 0.8921875 0.03125 0.9046875
2 0.065625 0.9 0.0453125 0.9984375 0.1578125 0.9984375 0.1171875 0.9203125 0.1203125 0.8984375 0.1390625 0.8703125 0.1328125 0.840625 0.1140625 0.840625 0.1046875 0.8234375 0.0921875 0.8265625 0.084375 0.834375 0.0921875 0.8453125 0.071875 0.878125
2 0.1234375 0.8953125 0.11875 0.9203125 0.125 0.940625 0.15 0.978125 0.1671875 0.9921875 0.1734375 0.9765625 0.1765625 0.8484375 0.1671875 0.846875 0.146875 0.8578125
2 0.1296875 0.828125 0.1390625 0.853125 0.15 0.8546875 0.1765625 0.84375 0.178125 0.8140625 0.153125 0.8125
2 0.03125 0.8828125 0.0328125 0.903125 0.065625 0.890625 0.0796875 0.853125 0.0875 0.8484375 0.084375 0.8375 0.0890625 0.8265625 0.1046875 0.821875 0.1140625 0.8375 0.1234375 0.8375 0.128125 0.8265625 0.096875 0.815625 0.06875 0.821875 0.04375 0.85