3 0.01875 0.8 0.0171875 0.8125 0.034375 0.80625
3 0.2875 0.7546875 0.284375 0.765625 0.3265625 0.7609375 0.3234375 0.7546875
3 0.2171875 0.9 0.209375 0.9109375 0.215625 0.921875 0.240625 0.9140625 0.240625 0.903125 0.228125 0.896875
3 0.259375 0.9015625 0.2578125 0.921875 0.2734375 0.9171875 0.2828125 0.90625 0.2765625 0.8921875 0.265625 0.89375
3 0.4265625 0.821875 0.4265625 0.83125 0.4359375 0.8265625 0.434375 0.8203125
3 0.3609375 0.7640625 0.3609375 0.7703125 0.36875 0.7671875
3 0.403125 0.7625 0.4 0.76875 0.40625 0.7671875
3 0.4828125 0.7765625 0.48125 0.78125 0.4875 0.7828125
3 0.5234375 0.7484375 0.521875 0.759375 0.5328125 0.7625 0.534375 0.7484375
3 0.4890625 0.95625 0.490625 0.975 0.5078125 0.96875 0.509375 0.946875
3 0.6984375 0.9921875 0.696875 0.9984375 0.746875 0.9984375 0.7296875 0.9828125
3 0.778125 0.95 0.7953125 0.9734375 0.809375 0.965625 0.790625 0.9484375
3 0.8328125 0.965625 0.8375 0.98125 0.8515625 0.98125 0.8515625 0.9625 0.8375 0.9609375
3 0.9 0.9828125 0.8953125 0.9921875 0.9015625 0.9984375 0.9375 0.9984375 0.9234375 0.9828125
3 0.7390625 0.7875 0.7328125 0.7921875 0.765625 0.821875 0.7828125 0.8203125 0.7546875 0.79375
3 0.6328125 0.740625 0.6359375 0.7453125 0.6390625 0.740625 0.646875 0.74375 0.675 0.7359375
3 0.5625 0.9328125 0.5625 0.94375 0.5734375 0.9421875 0.56875 0.9328125
3 0.728125 0.740625 0.728125 0.746875 0.740625 0.746875 0.7375 0.7390625
3 0.896875 0.7609375 0.896875 0.76875 0.9984375 0.8171875 0.9984375 0.8 0.9359375 0.7640625 0.9203125 0.7578125
3 0.68125 0.675 0.6640625 0.6890625 0.6671875 0.6953125 0.7078125 0.6953125 0.71875 0.684375 0.71875 0.678125 0.7046875 0.6671875
2 0.9234375 0.675 0.9234375 0.6875 0.93125 0.696875 0.95625 0.6984375 0.9609375 0.68125 0.95 0.6609375
2 0.959375 0.690625 0.9578125 0.7 0.965625 0.709375 0.9984375 0.71875 0.9984375 0.6875 0.9734375 0.684375
2 0.953125 0.6515625 0.95 0.6625 0.9609375 0.6875 0.9984375 0.6875 0.9984375 0.640625 0.975 0.6390625