2 0.5171875 0.78125 0.515625 0.8171875 0.525 0.8421875 0.5515625 0.85 0.5765625 0.846875 0.5875 0.821875 0.5875 0.784375 0.575 0.7609375 0.5625 0.75 0.5390625 0.7453125 0.525 0.75625
2 0.590625 0.7859375 0.59375 0.85 0.61875 0.8484375 0.6453125 0.834375 0.65 0.8203125 0.628125 0.778125 0.60625 0.7703125
2 0.6703125 0.7734375 0.665625 0.7859375 0.6875 0.8171875 0.6921875 0.809375 0.68125 0.7984375 0.678125 0.778125
2 0.640625 0.778125 0.6375 0.7859375 0.6515625 0.8234375 0.6734375 0.8265625 0.6609375 0.775
2 0.415625 0.7640625 0.4015625 0.8109375 0.390625 0.825 0.4015625 0.83125 0.440625 0.83125 0.46875 0.840625 0.471875 0.8328125 0.4625 0.8109375 0.4578125 0.7625 0.4484375 0.75 0.4359375 0.7453125
2 0.4640625 0.75625 0.4671875 0.8171875 0.4796875 0.8390625 0.49375 0.8421875 0.509375 0.815625 0.5203125 0.765625 0.51875 0.74375 0.509375 0.73125 0.4875 0.7234375 0.465625 0.7453125
2 0.384375 0.778125 0.3828125 0.796875 0.3953125 0.796875 0.40625 0.7890625 0.4234375 0.7515625 0.4359375 0.74375 0.45625 0.7453125 0.4578125 0.7171875 0.4453125 0.703125 0.43125 0.7015625 0.4 0.7234375
2 0.4140625 0.6859375 0.4046875 0.7171875 0.434375 0.703125 0.421875 0.68125
2 0.5359375 0.678125 0.4859375 0.6984375 0.4765625 0.6984375 0.465625 0.6890625 0.46875 0.7140625 0.496875 0.7140625 0.5109375 0.6953125 0.525 0.6890625 0.5453125 0.6953125 0.546875 0.68125
2 0.4984375 0.7125 0.5 0.7265625 0.509375 0.7296875 0.525 0.75 0.54375 0.734375 0.546875 0.7 0.540625 0.69375 0.5140625 0.69375
1 0.675 0.7453125 0.6703125 0.765625 0.68125 0.765625 0.6921875 0.7578125 0.6921875 0.75 0.6828125 0.740625
1 0.6171875 0.7078125 0.6140625 0.765625 0.63125 0.7765625 0.65625 0.7734375 0.675 0.721875 0.653125 0.7234375 0.6234375 0.70625
1 0.621875 0.69375 0.6234375 0.7046875 0.65 0.7203125 0.671875 0.7171875 0.659375 0.68125 0.6484375 0.6703125 0.63125 0.6796875
3 0.38125 0.9328125 0.384375 0.9453125 0.396875 0.94375 0.3921875 0.928125
3 0.428125 0.846875 0.428125 0.853125 0.44375 0.8515625