2 0.553125 0.925 0.5484375 0.95625 0.5515625 0.996875 0.6234375 0.9984375 0.6171875 0.8984375 0.596875 0.86875 0.5671875 0.86875
2 0.621875 0.8828125 0.6171875 0.89375 0.625 0.9265625 0.628125 0.9984375 0.7015625 0.9984375 0.7109375 0.975 0.7109375 0.95625 0.696875 0.8984375 0.6703125 0.884375
2 0.6078125 0.796875 0.60625 0.8234375 0.625 0.8390625 0.640625 0.8390625 0.6625 0.85 0.6625 0.871875 0.671875 0.8796875 0.6921875 0.846875 0.690625 0.8 0.678125 0.778125 0.6390625 0.7625
2 0.6953125 0.8125 0.7 0.8296875 0.68125 0.8828125 0.6984375 0.89375 0.7015625 0.8234375
2 0.7359375 0.8265625 0.73125 0.8265625 0.7328125 0.865625 0.74375 0.9328125 0.753125 0.9140625 0.759375 0.8390625
2 0.534375 0.8671875 0.540625 0.896875 0.5546875 0.903125 0.565625 0.8703125 0.5921875 0.865625 0.6140625 0.884375 0.634375 0.88125 0.6484375 0.8765625 0.6640625 0.8609375 0.6640625 0.853125 0.6046875 0.8265625 0.584375 0.8265625 0.55625 0.8328125
2 0.5046875 0.8625 0.51875 0.896875 0.53125 0.8953125 0.54375 0.84375 0.5359375 0.8421875
1 0.478125 0.8890625 0.48125 0.928125 0.4859375 0.8890625
1 0.515625 0.9015625 0.5140625 0.9625 0.51875 0.965625 0.5484375 0.9484375 0.5484375 0.9171875 0.5375 0.8984375
2 0.525 0.796875 0.525 0.8125 0.578125 0.8046875 0.5828125 0.78125 0.5640625 0.7640625 0.5578125 0.771875 0.53125 0.778125
2 0.5859375 0.7625 0.584375 0.8 0.5953125 0.8203125 0.6015625 0.821875 0.6078125 0.796875 0.6359375 0.7640625 0.6296875 0.7296875 0.6078125 0.7296875
0 0.4328125 0.865625 0.434375 0.8890625 0.4828125 0.8796875 0.509375 0.85625 0.58125 0.8234375 0.5828125 0.80625 0.553125 0.80625 0.4453125 0.83125 0.4375 0.8375
0 0.5140625 0.984375 0.5140625 0.9984375 0.546875 0.9984375 0.5296875 0.9765625
0 0.434375 0.9796875 0.4328125 0.9984375 0.459375 0.9984375 0.478125 0.98125 0.4796875 0.95625 0.4546875 0.95625