2 0.85 0.69375 0.8484375 0.7078125 0.896875 0.7078125 0.925 0.7234375 0.934375 0.7234375 0.9421875 0.7078125 0.9203125 0.684375 0.8859375 0.665625 0.8609375 0.6765625
2 0.784375 0.8171875 0.78125 0.8484375 0.796875 0.9015625 0.8125 0.9140625 0.828125 0.915625 0.8640625 0.9078125 0.85625 0.859375 0.840625 0.8296875 0.8171875 0.809375
1 0.825 0.8 0.825 0.809375 0.840625 0.821875 0.85625 0.853125 0.86875 0.90625 0.88125 0.91875 0.9296875 0.928125 0.934375 0.909375 0.925 0.8484375 0.909375 0.834375 0.8734375 0.8328125 0.8484375 0.8125 0.840625 0.796875
1 0.821875 0.765625 0.821875 0.771875 0.8515625 0.7921875 0.878125 0.7953125 0.8875 0.8046875 0.89375 0.8296875 0.909375 0.83125 0.9234375 0.8421875 0.93125 0.8671875 0.9359375 0.9328125 0.9453125 0.9421875 0.95625 0.9421875 0.965625 0.915625 0.984375 0.9203125 0.984375 0.8265625 0.978125 0.81875 0.965625 0.8109375 0.925 0.803125 0.9078125 0.8078125 0.859375 0.78125 0.8515625 0.7640625
1 0.9609375 0.928125 0.9578125 0.959375 0.98125 0.9984375 0.9984375 0.9984375 0.9984375 0.9265625 0.9640625 0.9171875
1 0.9765625 0.8109375 0.9734375 0.815625 0.9859375 0.83125 0.9859375 0.9125 0.9984375 0.9234375 0.9984375 0.8125
1 0.8375 0.7234375 0.8375 0.7359375 0.85625 0.7546875 0.859375 0.7796875 0.9046875 0.796875 0.9765625 0.80625 0.975 0.78125 0.99375 0.76875 0.9921875 0.7578125 0.9703125 0.75 0.95625 0.7359375 0.93125 0.73125 0.915625 0.715625 0.8984375 0.709375 0.8515625 0.709375
1 0.95625 0.73125 0.9625 0.7515625 0.9875 0.7609375 0.9984375 0.7734375 0.9984375 0.73125
2 0.7046875 0.80625 0.703125 0.853125 0.7140625 0.89375 0.75 0.9234375 0.8015625 0.9375 0.8015625 0.9140625 0.7828125 0.8796875 0.7765625 0.8453125 0.7578125 0.8140625 0.734375 0.784375 0.7171875 0.7765625 0.7078125 0.7890625
2 0.7546875 0.771875 0.753125 0.7921875 0.7640625 0.8234375 0.7828125 0.846875 0.784375 0.8171875 0.8 0.809375
2 0.7328125 0.771875 0.728125 0.7796875 0.7546875 0.803125 0.7578125 0.8171875 0.7484375 0.78125 0.740625 0.7703125