2 0.0265625 0.6859375 0.0265625 0.6953125 0.0390625 0.7015625 0.071875 0.7 0.0796875 0.6921875 0.0828125 0.671875 0.0671875 0.659375 0.053125 0.6578125
2 0.084375 0.6625 0.084375 0.68125 0.075 0.70625 0.1109375 0.7 0.125 0.6921875 0.13125 0.678125 0.128125 0.6609375 0.1203125 0.6546875 0.1015625 0.646875 0.0875 0.653125
2 0.0359375 0.6515625 0.0390625 0.6625 0.0703125 0.6578125 0.0796875 0.65 0.0796875 0.6328125 0.075 0.628125 0.05625 0.6296875
2 0.109375 0.6203125 0.1078125 0.640625 0.115625 0.6515625 0.1296875 0.65625 0.1578125 0.6421875 0.159375 0.628125 0.1484375 0.6109375
1 0.134375 0.684375 0.1125 0.703125 0.18125 0.70625 0.190625 0.6984375 0.1953125 0.671875
2 0.134375 0.653125 0.1375 0.678125 0.175 0.6765625 0.1953125 0.6671875 0.1984375 0.659375 0.190625 0.6453125 0.171875 0.640625
2 0.23125 0.621875 0.234375 0.6453125 0.259375 0.64375 0.2609375 0.634375 0.253125 0.621875
2 0.1515625 0.6109375 0.1609375 0.6359375 0.175 0.63125 0.19375 0.6359375 0.19375 0.6171875 0.178125 0.60625
2 0.1671875 0.5953125 0.1671875 0.6046875 0.1953125 0.6140625 0.19375 0.5890625 0.1765625 0.5890625
1 0.2390625 0.6609375 0.2390625 0.6734375 0.2578125 0.6640625
2 0.09375 0.625 0.08125 0.6328125 0.084375 0.6515625 0.10625 0.6421875 0.109375 0.6203125
2 0.2890625 0.521875 0.2859375 0.528125 0.290625 0.5328125 0.3109375 0.528125 0.303125 0.51875