1 0.003125 0.5890625 0 0.590625 0 0.6078125 0.0171875 0.6078125 0.01875 0.60625 0.025 0.60625 0.0265625 0.6046875 0.0265625 0.590625 0.025 0.5890625
2 0.028125 0.5875 0.025 0.5890625 0.025 0.5921875 0.0265625 0.59375 0.0265625 0.596875 0.0296875 0.603125 0.0390625 0.5984375 0.0421875 0.5984375 0.0453125 0.5921875 0.0421875 0.5875
2 0.009375 0.578125 0.0078125 0.5828125 0.009375 0.5859375 0.0125 0.5875 0.0265625 0.5875 0.0296875 0.5890625 0.0390625 0.5859375 0.0359375 0.5796875 0.0296875 0.5734375 0.021875 0.5734375 0.015625 0.578125 0.0125 0.578125 0.0109375 0.5765625
2 0.190625 0.646875 0.1890625 0.65 0.1890625 0.659375 0.190625 0.6609375 0.2078125 0.6609375 0.215625 0.653125 0.2140625 0.6515625 0.2140625 0.64375 0.2125 0.6421875 0.209375 0.6421875 0.2078125 0.64375 0.1953125 0.64375
2 0.2203125 0.6515625 0.2125 0.659375 0.2125 0.6640625 0.2140625 0.665625 0.2140625 0.6734375 0.215625 0.6765625 0.21875 0.678125 0.2265625 0.678125 0.228125 0.6765625 0.23125 0.6765625 0.2328125 0.675 0.2453125 0.671875 0.2453125 0.6625 0.240625 0.653125 0.240625 0.64375 0.2390625 0.6421875 0.234375 0.6421875 0.228125 0.646875 0.2265625 0.646875 0.221875 0.6515625
2 0.21875 0.6390625 0.2171875 0.646875 0.21875 0.65 0.221875 0.65 0.2328125 0.6421875 0.240625 0.6390625 0.240625 0.6265625 0.2375 0.628125 0.234375 0.6265625 0.2265625 0.6265625 0.2234375 0.6296875 0.221875 0.6359375
2 0.2921875 0.65625 0.290625 0.665625 0.290625 0.66875 0.2921875 0.6703125 0.3046875 0.6703125 0.30625 0.66875 0.3125 0.66875 0.3203125 0.6625 0.3203125 0.6546875 0.315625 0.6484375 0.315625 0.646875 0.3140625 0.646875 0.309375 0.6421875 0.30625 0.6421875 0.3046875 0.640625 0.3 0.6421875 0.2953125 0.646875 0.29375 0.65 0.29375 0.6546875
2 0.3046875 0.6 0.303125 0.6015625 0.3 0.6015625 0.3 0.609375 0.3015625 0.6109375 0.3015625 0.61875 0.303125 0.6203125 0.303125 0.6234375 0.3078125 0.6265625 0.3109375 0.6265625 0.3171875 0.6203125 0.3234375 0.6171875 0.3265625 0.6171875 0.3328125 0.6125 0.3328125 0.6046875 0.33125 0.6015625 0.3265625 0.5984375 0.3203125 0.5984375 0.3171875 0.596875 0.3109375 0.6
2 0.28125 0.58125 0.278125 0.584375 0.278125 0.590625 0.2890625 0.59375 0.2953125 0.6 0.3 0.6 0.3015625 0.5984375 0.309375 0.5984375 0.3109375 0.596875 0.3109375 0.59375 0.3 0.58125 0.296875 0.5796875 0.2875 0.5796875 0.2859375 0.58125
2 0.26875 0.603125 0.26875 0.6078125 0.2671875 0.6109375 0.26875 0.6125 0.26875 0.615625 0.2703125 0.6171875 0.271875 0.6234375 0.275 0.6234375 0.290625 0.6140625 0.2921875 0.615625 0.296875 0.6125 0.296875 0.6015625 0.2890625 0.59375 0.275 0.59375 0.271875 0.5953125 0.2703125 0.6015625
2 0.25 0.6125 0.24375 0.615625 0.24375 0.625 0.2453125 0.6265625 0.2453125 0.63125 0.246875 0.6328125 0.25 0.63125 0.25625 0.63125 0.2578125 0.6296875 0.265625 0.6296875 0.2703125 0.6265625 0.2703125 0.621875 0.265625 0.6125 0.2625 0.6109375 0.2546875 0.6109375 0.253125 0.6125
1 0.2453125 0.634375 0.2453125 0.6375 0.24375 0.6390625 0.24375 0.65625 0.246875 0.6609375 0.246875 0.671875 0.2484375 0.675 0.265625 0.675 0.2671875 0.6734375 0.271875 0.6734375 0.2734375 0.671875 0.284375 0.671875 0.2890625 0.66875 0.2890625 0.665625 0.290625 0.6640625 0.290625 0.63125 0.2875 0.6296875 0.2765625 0.6296875 0.275 0.628125 0.2734375 0.6296875 0.2671875 0.6296875 0.265625 0.63125 0.2515625 0.63125
1 0.3171875 0.6203125 0.3140625 0.6234375 0.3140625 0.625 0.3046875 0.6296875 0.30625 0.6375 0.3234375 0.653125 0.3296875 0.653125 0.3328125 0.65 0.334375 0.65 0.334375 0.640625 0.3328125 0.6390625 0.3328125 0.63125 0.334375 0.6296875 0.334375 0.625 0.3359375 0.6234375 0.334375 0.6140625 0.325 0.61875
1 0.240625 0.596875 0.240625 0.6 0.2390625 0.6015625 0.2390625 0.6125 0.240625 0.6140625 0.2421875 0.6125 0.246875 0.6125 0.2484375 0.6109375 0.25625 0.6109375 0.2578125 0.609375 0.2640625 0.609375 0.265625 0.6078125 0.2671875 0.5953125 0.2640625 0.590625 0.259375 0.590625 0.253125 0.59375 0.25 0.5921875 0.25 0.5875 0.2484375 0.584375 0.246875 0.584375 0.2453125 0.5859375 0.2484375 0.5890625 0.2484375 0.590625 0.2453125 0.5921875 0.2421875 0.596875