2 0.8765625 0.8453125 0.8796875 0.8625 0.8953125 0.884375 0.9328125 0.9203125 0.9546875 0.9328125 0.9984375 0.9390625 0.9984375 0.8578125 0.9328125 0.8578125 0.8875 0.8421875
2 0.89375 0.8140625 0.8890625 0.8375 0.9078125 0.853125 0.925 0.85625 0.928125 0.8625 0.98125 0.85625 0.9984375 0.8625 0.9984375 0.8421875 0.9484375 0.80625 0.925 0.8015625
2 0.93125 0.75625 0.934375 0.796875 0.9984375 0.8390625 0.9984375 0.7671875 0.9609375 0.7484375
2 0.8546875 0.734375 0.859375 0.79375 0.875 0.8234375 0.8828125 0.825 0.8890625 0.815625 0.9296875 0.796875 0.9265625 0.765625 0.903125 0.7546875 0.89375 0.7359375 0.8859375 0.7296875
2 0.89375 0.7 0.896875 0.7421875 0.9046875 0.7609375 0.921875 0.7609375 0.921875 0.7375 0.9140625 0.7203125
2 0.853125 0.6765625 0.8546875 0.728125 0.8921875 0.728125 0.896875 0.7203125 0.89375 0.7 0.8765625 0.684375
2 0.88125 0.6765625 0.8796875 0.6828125 0.8921875 0.69375 0.9375 0.6875 0.9109375 0.671875
1 0.896875 0.69375 0.8953125 0.7 0.909375 0.7125 0.925 0.740625 0.9453125 0.740625 0.9328125 0.69375
1 0.9546875 0.68125 0.9765625 0.7078125 0.9734375 0.71875 0.95 0.7296875 0.971875 0.734375 0.9984375 0.73125 0.9984375 0.675 0.98125 0.6734375
2 0.9359375 0.690625 0.934375 0.703125 0.9453125 0.7265625 0.9828125 0.7171875 0.96875 0.6890625 0.946875 0.6859375
0 0.6140625 0.7125 0.6109375 0.7234375 0.640625 0.7234375 0.65625 0.703125 0.646875 0.696875
0 0.7078125 0.6828125 0.7 0.703125 0.7296875 0.7171875 0.7359375 0.6765625