1 0.390625 0.6046875 0.3890625 0.60625 0.3890625 0.609375 0.3984375 0.6109375 0.4078125 0.615625 0.4171875 0.615625 0.41875 0.6140625 0.41875 0.6078125 0.4234375 0.6015625 0.4203125 0.6015625 0.41875 0.6 0.3984375 0.6 0.39375 0.6046875
1 0.2390625 0.63125 0.2375 0.6328125 0.2421875 0.6390625 0.2421875 0.6453125 0.24375 0.646875 0.2453125 0.6609375 0.25 0.6640625 0.265625 0.6640625 0.26875 0.659375 0.26875 0.646875 0.271875 0.640625 0.284375 0.6296875 0.2875 0.6234375 0.2875 0.6203125 0.28125 0.6171875 0.265625 0.6171875 0.265625 0.621875 0.2625 0.6265625 0.2625 0.63125 0.25625 0.634375 0.2515625 0.63125 0.246875 0.6328125 0.24375 0.6296875
2 0.05625 0.671875 0.0546875 0.675 0.05625 0.6765625 0.05625 0.6828125 0.0578125 0.684375 0.0578125 0.6890625 0.059375 0.690625 0.0609375 0.70625 0.0640625 0.709375 0.0703125 0.709375 0.078125 0.69375 0.096875 0.6765625 0.0984375 0.6765625 0.0984375 0.671875 0.096875 0.6703125 0.090625 0.6703125 0.0875 0.6734375 0.084375 0.6734375 0.078125 0.6765625 0.0609375 0.671875
2 0.075 0.7 0.0734375 0.7078125 0.0765625 0.7109375 0.0953125 0.7109375 0.096875 0.7125 0.109375 0.7125 0.1109375 0.7109375 0.1171875 0.7109375 0.1234375 0.7015625 0.13125 0.6953125 0.13125 0.6921875 0.1359375 0.6859375 0.1359375 0.678125 0.125 0.6671875 0.1140625 0.6671875 0.1015625 0.6734375 0.0953125 0.6796875 0.09375 0.6796875 0.0765625 0.696875
2 0.1375 0.6609375 0.134375 0.6640625 0.1328125 0.6640625 0.1328125 0.6734375 0.1375 0.684375 0.134375 0.690625 0.134375 0.6953125 0.1359375 0.6984375 0.140625 0.6984375 0.1421875 0.696875 0.146875 0.696875 0.1484375 0.6953125 0.153125 0.6953125 0.1546875 0.69375 0.1625 0.6921875 0.1671875 0.6890625 0.1734375 0.6875 0.178125 0.6828125 0.178125 0.6796875 0.1765625 0.678125 0.1765625 0.6640625 0.178125 0.6609375 0.175 0.6578125 0.175 0.6546875 0.171875 0.6515625 0.1625 0.6515625 0.1609375 0.65 0.159375 0.6515625 0.1546875 0.6515625 0.153125 0.653125 0.15 0.653125 0.14375 0.659375
2 0.1765625 0.6390625 0.175 0.6421875 0.175 0.646875 0.1765625 0.6484375 0.1765625 0.6546875 0.1796875 0.659375 0.1859375 0.659375 0.1875 0.6609375 0.1953125 0.6609375 0.2015625 0.6640625 0.2078125 0.6640625 0.209375 0.6609375 0.209375 0.65625 0.2109375 0.6546875 0.209375 0.6515625 0.209375 0.6453125 0.2015625 0.6375 0.1984375 0.6359375 0.190625 0.6359375 0.1890625 0.634375 0.184375 0.634375 0.1828125 0.6359375 0.1796875 0.6359375
2 0.2125 0.64375 0.2109375 0.665625 0.2140625 0.66875 0.2171875 0.6703125 0.2234375 0.6703125 0.225 0.66875 0.2359375 0.6671875 0.2421875 0.6640625 0.24375 0.6609375 0.24375 0.6546875 0.240625 0.65 0.240625 0.640625 0.234375 0.6328125 0.23125 0.6328125 0.2296875 0.63125 0.225 0.634375 0.21875 0.6328125 0.215625 0.6359375 0.2140625 0.6421875
2 0.271875 0.6421875 0.271875 0.6453125 0.2703125 0.646875 0.2703125 0.6640625 0.2734375 0.6671875 0.284375 0.6671875 0.2859375 0.665625 0.290625 0.665625 0.2921875 0.6640625 0.2953125 0.6640625 0.296875 0.6625 0.303125 0.6609375 0.3046875 0.65625 0.3 0.65 0.3015625 0.640625 0.3015625 0.6296875 0.296875 0.6234375 0.2890625 0.621875 0.28125 0.63125 0.28125 0.6328125 0.2765625 0.6359375
2 0.2125 0.6171875 0.2125 0.6203125 0.2109375 0.621875 0.2109375 0.628125 0.2125 0.6296875 0.2125 0.6328125 0.215625 0.6359375 0.21875 0.634375 0.228125 0.634375 0.2296875 0.6328125 0.2328125 0.6328125 0.2328125 0.6296875 0.228125 0.6234375 0.228125 0.6203125 0.23125 0.6171875 0.23125 0.6140625 0.228125 0.6109375 0.225 0.609375 0.21875 0.6109375
2 0.178125 0.6625 0.178125 0.6703125 0.1765625 0.671875 0.1765625 0.675 0.178125 0.6765625 0.178125 0.6796875 0.18125 0.6828125 0.1859375 0.6828125 0.1875 0.68125 0.2078125 0.68125 0.2109375 0.678125 0.2109375 0.6734375 0.20625 0.665625 0.1984375 0.6640625 0.19375 0.6609375 0.1796875 0.6609375
2 0.1359375 0.6375 0.1265625 0.646875 0.1265625 0.6578125 0.1296875 0.6609375 0.134375 0.6578125 0.1375 0.6578125 0.146875 0.653125 0.1515625 0.6484375 0.15625 0.6484375 0.159375 0.646875 0.16875 0.646875 0.1734375 0.65 0.171875 0.6484375 0.1734375 0.6453125 0.171875 0.64375 0.171875 0.6390625 0.16875 0.6390625 0.1671875 0.6375 0.1640625 0.6390625 0.1578125 0.6328125 0.1546875 0.6359375 0.1484375 0.6328125 0.146875 0.634375 0.14375 0.634375 0.1421875 0.6359375