3 0.2953125 0.71875 0.2921875 0.7265625 0.296875 0.7296875 0.315625 0.7234375 0.3109375 0.7140625
3 0.60625 0.765625 0.603125 0.7765625 0.6078125 0.7875 0.6234375 0.7921875 0.6234375 0.7765625
3 0.7859375 0.9109375 0.7828125 0.9171875 0.7953125 0.9390625 0.8296875 0.9609375 0.8375 0.9734375 0.8609375 0.9671875 0.8671875 0.9390625 0.8796875 0.9453125 0.8875 0.9421875 0.8578125 0.9125 0.834375 0.9
3 0.9 0.88125 0.896875 0.8875 0.903125 0.9015625 0.9421875 0.95625 0.9640625 0.965625 0.990625 0.965625 0.9921875 0.946875 0.9484375 0.8921875 0.9296875 0.88125
3 0.859375 0.9765625 0.8625 0.99375 0.8828125 0.9984375 0.90625 0.9953125 0.8796875 0.96875
3 0.8296875 0.8609375 0.81875 0.871875 0.8203125 0.878125 0.8296875 0.8859375 0.8421875 0.884375 0.8421875 0.86875 0.834375 0.859375
3 0.8515625 0.771875 0.840625 0.784375 0.8203125 0.7890625 0.834375 0.7953125 0.85625 0.7921875 0.8796875 0.803125 0.9109375 0.7921875 0.90625 0.78125 0.896875 0.784375 0.871875 0.771875
3 0.740625 0.7890625 0.7421875 0.7984375 0.753125 0.79375 0.7515625 0.7890625
3 0.7203125 0.7953125 0.71875 0.803125 0.7265625 0.8140625 0.7328125 0.7984375
3 0.6609375 0.7328125 0.653125 0.7328125 0.6578125 0.7421875 0.6703125 0.7453125 0.6765625 0.7390625 0.6875 0.74375 0.684375 0.7375
3 0.734375 0.73125 0.71875 0.734375 0.7359375 0.7390625
3 0.7671875 0.734375 0.7578125 0.734375 0.7578125 0.740625 0.76875 0.7390625
3 0.65 0.70625 0.646875 0.7140625 0.653125 0.7171875
3 0.5375 0.8484375 0.534375 0.8546875 0.5390625 0.8578125