0 0.721875 0.590625 0.721875 0.5921875 0.71875 0.5953125 0.7203125 0.6 0.7265625 0.60625 0.73125 0.60625 0.7359375 0.6015625 0.7421875 0.6 0.74375 0.5984375 0.75625 0.5984375 0.75625 0.59375 0.7546875 0.590625 0.7453125 0.590625 0.74375 0.5890625 0.7265625 0.5890625
4 0.7375 0.6015625 0.7359375 0.603125 0.7359375 0.60625 0.7390625 0.609375 0.74375 0.6109375 0.7609375 0.6125 0.7640625 0.6109375 0.7640625 0.60625 0.75625 0.6 0.740625 0.6
2 0.7625 0.584375 0.7625 0.590625 0.7609375 0.5921875 0.7609375 0.5953125 0.7625 0.596875 0.7625 0.6015625 0.765625 0.60625 0.775 0.60625 0.7765625 0.6078125 0.7875 0.6078125 0.7890625 0.60625 0.7921875 0.5984375 0.7921875 0.5953125 0.7859375 0.5875 0.771875 0.58125 0.765625 0.58125
2 0.7953125 0.5984375 0.7953125 0.603125 0.79375 0.60625 0.7953125 0.6109375 0.8 0.615625 0.809375 0.6203125 0.8140625 0.621875 0.8203125 0.621875 0.821875 0.6234375 0.8328125 0.6234375 0.834375 0.621875 0.8328125 0.6203125 0.8328125 0.6109375 0.83125 0.60625 0.8296875 0.603125 0.8234375 0.5984375 0.8203125 0.6 0.8171875 0.596875 0.8171875 0.5953125 0.80625 0.59375 0.803125 0.5921875 0.8 0.5921875
2 0.8484375 0.59375 0.8328125 0.6015625 0.8328125 0.6109375 0.834375 0.6125 0.834375 0.61875 0.8375 0.621875 0.8421875 0.621875 0.84375 0.6234375 0.85 0.6234375 0.8515625 0.625 0.8640625 0.625 0.8703125 0.6171875 0.871875 0.6125 0.8578125 0.5921875 0.8546875 0.5921875 0.8546875 0.59375
2 0.828125 0.578125 0.821875 0.584375 0.821875 0.5875 0.8234375 0.590625 0.825 0.590625 0.8328125 0.5984375 0.8375 0.5984375 0.840625 0.5953125 0.8421875 0.5953125 0.84375 0.590625 0.85625 0.5875 0.8578125 0.584375 0.8578125 0.5796875 0.85625 0.5765625 0.8546875 0.5765625 0.8484375 0.571875 0.8390625 0.571875
2 0.8609375 0.58125 0.8578125 0.584375 0.859375 0.5875 0.859375 0.5921875 0.865625 0.5984375 0.8671875 0.5984375 0.8703125 0.5953125 0.8796875 0.5953125 0.8828125 0.59375 0.884375 0.590625 0.884375 0.5875 0.8828125 0.5875 0.875 0.58125
2 0.86875 0.5984375 0.8671875 0.6046875 0.871875 0.609375 0.875 0.615625 0.88125 0.6140625 0.8921875 0.60625 0.890625 0.6015625 0.8890625 0.6015625 0.8828125 0.596875 0.8734375 0.5953125
2 0.86875 0.621875 0.8671875 0.6234375 0.8671875 0.6265625 0.8703125 0.6296875 0.8828125 0.6328125 0.8921875 0.6328125 0.89375 0.634375 0.8984375 0.634375 0.903125 0.63125 0.903125 0.628125 0.9015625 0.6265625 0.9015625 0.6140625 0.896875 0.6109375 0.8890625 0.6109375 0.8828125 0.6140625 0.8796875 0.6171875
2 0.90625 0.6109375 0.903125 0.6140625 0.903125 0.6265625 0.9046875 0.6296875 0.90625 0.63125 0.915625 0.63125 0.91875 0.6296875 0.9203125 0.6265625 0.91875 0.6109375 0.9171875 0.609375 0.909375 0.609375
2 0.890625 0.5875 0.884375 0.59375 0.8859375 0.5984375 0.8875 0.5984375 0.8984375 0.6078125 0.9046875 0.6109375 0.9078125 0.6109375 0.909375 0.609375 0.9171875 0.6125 0.9171875 0.615625 0.9203125 0.61875 0.9234375 0.6078125 0.9234375 0.6 0.9171875 0.59375 0.9125 0.5921875 0.90625 0.5875 0.9015625 0.5859375 0.89375 0.5859375
2 0.9296875 0.60625 0.9265625 0.609375 0.9265625 0.6234375 0.928125 0.625 0.9328125 0.6265625 0.94375 0.6265625 0.9453125 0.628125 0.9515625 0.628125 0.9546875 0.6265625 0.9546875 0.615625 0.953125 0.615625 0.95 0.6125 0.94375 0.6109375 0.9375 0.6046875 0.9328125 0.6046875